function A = getGraphOctohedron
A = [0 1 1 1 1 0; 1 0 1 0 1 1 ; 1 1 0 1 0 1; 1 0 1 0 1 1; 1 1 0 1 0 1 ; 0 1 1 1 1 0];

